Using device: cuda
Class Weights: tensor([1.3697, 2.0920, 1.3946, 0.7124, 1.0182, 0.5091, 0.3060, 0.5302, 1.2928,
        0.5003, 1.5548, 2.1112, 0.8429, 1.0804, 2.1307, 0.8248, 0.6072, 0.6729,
        0.7854, 1.1985, 1.3779, 1.2372, 0.8919, 2.4480, 1.1225, 1.5239, 2.8409,
        1.8558, 1.8709, 0.8989, 1.5444, 0.8491, 1.3779, 0.7827, 0.9132, 1.1622,
        1.9501, 1.7302, 0.5466, 1.6675, 2.1506, 1.0049, 1.3616],
       device='cuda:0')
Test Loss: 0.4363
Test Accuracy: 0.7285
==== Métricas de Evaluación ====
              precision    recall  f1-score   support

           0       0.84      0.89      0.86        36
           1       0.22      0.32      0.26        22
           2       1.00      1.00      1.00        34
           3       0.64      0.75      0.69        63
           4       0.92      0.98      0.95        55
           5       0.88      0.65      0.75        92
           6       0.97      0.88      0.92       164
           7       0.73      0.66      0.69        90
           8       0.65      0.52      0.58        33
           9       0.70      0.59      0.64       105
          10       0.88      0.92      0.90        24
          11       0.62      0.72      0.67        18
          12       0.39      0.40      0.40        52
          13       0.45      0.45      0.45        42
          14       0.40      0.87      0.55        23
          15       0.61      0.46      0.52        59
          16       0.83      0.59      0.69        85
          17       0.89      0.75      0.82        68
          18       0.86      0.95      0.90        75
          19       0.94      0.90      0.92        49
          20       0.56      0.75      0.64        36
          21       0.54      0.50      0.52        44
          22       0.75      0.53      0.62        51
          23       0.36      0.62      0.45        24
          24       0.65      0.82      0.73        44
          25       0.48      0.84      0.61        38
          26       0.53      0.77      0.62        13
          27       0.68      0.96      0.79        26
          28       0.79      0.95      0.86        20
          29       0.83      0.70      0.76        56
          30       0.82      0.89      0.86        37
          31       0.85      0.85      0.85        47
          32       0.73      0.84      0.78        32
          33       0.91      0.81      0.86        63
          34       0.85      0.75      0.80        52
          35       0.62      0.74      0.67        39
          36       0.88      0.92      0.90        25
          37       0.67      0.89      0.76        27
          38       0.72      0.53      0.61        87
          39       0.59      0.67      0.62        15
          40       0.47      0.56      0.51        16
          41       0.74      0.65      0.69        52
          42       0.84      0.95      0.89        44

    accuracy                           0.73      2077
   macro avg       0.70      0.74      0.71      2077
weighted avg       0.75      0.73      0.73      2077

Accuracy global: 0.7285
Test Loss: 0.4363
UAR (Unweighted Average Recall): 0.7381
