Using device: cuda
Class Weights: tensor([1.6983, 1.8784, 1.4416, 0.6701, 1.1374, 0.5166, 0.2863, 0.6701, 1.2037,
        0.7380, 1.9371, 1.6313, 0.9762, 1.1587, 1.6101, 1.0507, 0.5144, 0.6199,
        0.5635, 1.3476, 1.1921, 0.8984, 0.7380, 2.1750, 1.1271, 1.9371, 2.4795,
        1.8784, 2.1375, 0.9464, 1.1807, 0.9464, 1.2781, 1.2914, 0.7468, 1.2275,
        1.4416, 1.7462, 0.5276, 2.3842, 2.1013, 1.0781, 1.2275],
       device='cuda:0')
Test Loss: 0.3627
Test Accuracy: 0.7612
==== Métricas de Evaluación ====
              precision    recall  f1-score   support

           0       0.88      0.93      0.90        15
           1       0.11      0.08      0.09        13
           2       0.95      1.00      0.97        18
           3       0.74      0.64      0.68        39
           4       0.87      0.87      0.87        23
           5       0.86      0.59      0.70        51
           6       0.98      0.91      0.94        92
           7       0.87      0.69      0.77        39
           8       0.75      0.82      0.78        22
           9       0.72      0.80      0.76        35
          10       1.00      1.00      1.00        13
          11       0.79      0.94      0.86        16
          12       0.38      0.52      0.44        27
          13       0.58      0.86      0.69        22
          14       0.67      0.62      0.65        16
          15       0.77      0.40      0.53        25
          16       0.79      0.65      0.71        51
          17       0.85      0.83      0.84        42
          18       0.94      0.94      0.94        47
          19       0.86      0.95      0.90        19
          20       0.58      0.64      0.61        22
          21       0.47      0.48      0.47        29
          22       0.82      0.64      0.72        36
          23       0.19      0.33      0.24        12
          24       0.84      0.91      0.88        23
          25       0.58      0.85      0.69        13
          26       0.44      0.80      0.57        10
          27       0.73      0.85      0.79        13
          28       0.91      0.83      0.87        12
          29       0.81      0.81      0.81        27
          30       0.80      0.91      0.85        22
          31       0.76      0.93      0.84        28
          32       0.67      0.80      0.73        20
          33       0.83      0.95      0.88        20
          34       0.90      0.77      0.83        35
          35       0.68      0.81      0.74        21
          36       0.89      0.94      0.92        18
          37       0.88      0.93      0.90        15
          38       0.83      0.60      0.70        50
          39       0.75      0.60      0.67        10
          40       0.67      0.67      0.67        12
          41       0.61      0.83      0.70        24
          42       0.94      0.81      0.87        21

    accuracy                           0.76      1118
   macro avg       0.74      0.76      0.74      1118
weighted avg       0.78      0.76      0.76      1118

Accuracy global: 0.7612
Test Loss: 0.3627
UAR (Unweighted Average Recall): 0.7614
