Using device: cuda
Class Weights: tensor([1.3697, 2.0920, 1.3946, 0.7124, 1.0182, 0.5091, 0.3060, 0.5302, 1.2928,
        0.5003, 1.5548, 2.1112, 0.8429, 1.0804, 2.1307, 0.8248, 0.6072, 0.6729,
        0.7854, 1.1985, 1.3779, 1.2372, 0.8919, 2.4480, 1.1225, 1.5239, 2.8409,
        1.8558, 1.8709, 0.8989, 1.5444, 0.8491, 1.3779, 0.7827, 0.9132, 1.1622,
        1.9501, 1.7302, 0.5466, 1.6675, 2.1506, 1.0049, 1.3616],
       device='cuda:0')
Test Loss: 0.3957
Test Accuracy: 0.7776
==== Métricas de Evaluación ====
              precision    recall  f1-score   support

           0       0.94      0.92      0.93        36
           1       0.10      0.18      0.13        22
           2       1.00      1.00      1.00        34
           3       0.69      0.83      0.75        63
           4       0.92      0.98      0.95        55
           5       0.89      0.76      0.82        92
           6       0.97      0.91      0.94       164
           7       0.77      0.72      0.75        90
           8       0.69      0.73      0.71        33
           9       0.84      0.78      0.81       105
          10       0.82      0.96      0.88        24
          11       0.56      0.83      0.67        18
          12       0.50      0.33      0.40        52
          13       0.64      0.67      0.65        42
          14       0.57      0.87      0.69        23
          15       0.55      0.59      0.57        59
          16       0.90      0.72      0.80        85
          17       0.88      0.85      0.87        68
          18       0.91      0.95      0.93        75
          19       0.85      0.92      0.88        49
          20       0.49      0.67      0.56        36
          21       0.53      0.55      0.54        44
          22       0.67      0.59      0.62        51
          23       0.38      0.75      0.50        24
          24       0.93      0.84      0.88        44
          25       0.59      0.76      0.67        38
          26       0.47      0.69      0.56        13
          27       0.96      0.92      0.94        26
          28       0.83      1.00      0.91        20
          29       0.98      0.77      0.86        56
          30       0.86      0.86      0.86        37
          31       0.87      0.96      0.91        47
          32       0.78      0.88      0.82        32
          33       0.95      0.95      0.95        63
          34       0.71      0.62      0.66        52
          35       0.86      0.77      0.81        39
          36       0.92      0.96      0.94        25
          37       1.00      0.93      0.96        27
          38       0.85      0.52      0.64        87
          39       0.59      0.67      0.62        15
          40       0.75      0.75      0.75        16
          41       0.65      0.67      0.66        52
          42       0.95      0.86      0.90        44

    accuracy                           0.78      2077
   macro avg       0.76      0.78      0.76      2077
weighted avg       0.80      0.78      0.78      2077

Accuracy global: 0.7776
Test Loss: 0.3957
UAR (Unweighted Average Recall): 0.7773
