Using device: cuda
Class Weights: tensor([1.6983, 1.8784, 1.4416, 0.6701, 1.1374, 0.5166, 0.2863, 0.6701, 1.2037,
        0.7380, 1.9371, 1.6313, 0.9762, 1.1587, 1.6101, 1.0507, 0.5144, 0.6199,
        0.5635, 1.3476, 1.1921, 0.8984, 0.7380, 2.1750, 1.1271, 1.9371, 2.4795,
        1.8784, 2.1375, 0.9464, 1.1807, 0.9464, 1.2781, 1.2914, 0.7468, 1.2275,
        1.4416, 1.7462, 0.5276, 2.3842, 2.1013, 1.0781, 1.2275],
       device='cuda:0')
Test Loss: 0.8530
Test Accuracy: 0.7549
==== Métricas de Evaluación ====
              precision    recall  f1-score   support

           0       0.93      0.93      0.93        15
           1       0.20      0.08      0.11        13
           2       1.00      1.00      1.00        18
           3       0.82      0.72      0.77        39
           4       0.88      0.96      0.92        23
           5       0.89      0.65      0.75        51
           6       0.97      0.93      0.95        92
           7       0.69      0.74      0.72        39
           8       0.68      0.77      0.72        22
           9       0.62      0.71      0.67        35
          10       0.72      1.00      0.84        13
          11       0.86      0.75      0.80        16
          12       0.33      0.52      0.40        27
          13       0.53      0.41      0.46        22
          14       0.72      0.81      0.76        16
          15       0.42      0.44      0.43        25
          16       0.62      0.51      0.56        51
          17       0.92      0.81      0.86        42
          18       0.96      0.96      0.96        47
          19       0.78      0.95      0.86        19
          20       0.93      0.59      0.72        22
          21       0.54      0.48      0.51        29
          22       0.71      0.67      0.69        36
          23       0.67      0.17      0.27        12
          24       0.77      0.87      0.82        23
          25       0.75      0.69      0.72        13
          26       0.62      0.50      0.56        10
          27       0.67      0.77      0.71        13
          28       1.00      0.83      0.91        12
          29       0.86      0.89      0.87        27
          30       0.77      0.91      0.83        22
          31       0.93      0.93      0.93        28
          32       0.57      0.80      0.67        20
          33       0.80      0.80      0.80        20
          34       0.78      0.91      0.84        35
          35       0.62      0.62      0.62        21
          36       0.94      0.94      0.94        18
          37       0.72      0.87      0.79        15
          38       0.72      0.84      0.78        50
          39       0.71      0.50      0.59        10
          40       0.41      0.58      0.48        12
          41       0.77      0.83      0.80        24
          42       0.95      0.86      0.90        21

    accuracy                           0.75      1118
   macro avg       0.74      0.73      0.73      1118
weighted avg       0.76      0.75      0.75      1118

Accuracy global: 0.7549
Test Loss: 0.8530
UAR (Unweighted Average Recall): 0.7327
