Using device: cuda
Class Weights: tensor([1.3697, 2.0920, 1.3946, 0.7124, 1.0182, 0.5091, 0.3060, 0.5302, 1.2928,
        0.5003, 1.5548, 2.1112, 0.8429, 1.0804, 2.1307, 0.8248, 0.6072, 0.6729,
        0.7854, 1.1985, 1.3779, 1.2372, 0.8919, 2.4480, 1.1225, 1.5239, 2.8409,
        1.8558, 1.8709, 0.8989, 1.5444, 0.8491, 1.3779, 0.7827, 0.9132, 1.1622,
        1.9501, 1.7302, 0.5466, 1.6675, 2.1506, 1.0049, 1.3616],
       device='cuda:0')
Test Loss: 0.7985
Test Accuracy: 0.7559
==== Métricas de Evaluación ====
              precision    recall  f1-score   support

           0       0.86      0.83      0.85        36
           1       0.11      0.05      0.06        22
           2       0.92      1.00      0.96        34
           3       0.81      0.87      0.84        63
           4       0.91      0.96      0.94        55
           5       0.74      0.75      0.75        92
           6       0.95      0.92      0.93       164
           7       0.73      0.68      0.71        90
           8       0.65      0.79      0.71        33
           9       0.69      0.66      0.67       105
          10       0.95      0.88      0.91        24
          11       0.50      0.44      0.47        18
          12       0.39      0.52      0.44        52
          13       0.35      0.45      0.40        42
          14       0.57      0.74      0.64        23
          15       0.58      0.42      0.49        59
          16       0.69      0.55      0.61        85
          17       0.95      0.84      0.89        68
          18       0.96      0.97      0.97        75
          19       0.79      1.00      0.88        49
          20       0.83      0.81      0.82        36
          21       0.51      0.41      0.46        44
          22       0.65      0.63      0.64        51
          23       0.35      0.25      0.29        24
          24       0.88      0.84      0.86        44
          25       0.65      0.68      0.67        38
          26       0.56      0.69      0.62        13
          27       0.72      0.88      0.79        26
          28       0.95      1.00      0.98        20
          29       0.92      0.82      0.87        56
          30       0.74      0.86      0.80        37
          31       0.89      0.87      0.88        47
          32       0.58      0.88      0.70        32
          33       0.87      0.95      0.91        63
          34       0.87      0.88      0.88        52
          35       0.76      0.74      0.75        39
          36       0.92      0.96      0.94        25
          37       0.80      0.89      0.84        27
          38       0.75      0.62      0.68        87
          39       0.53      0.60      0.56        15
          40       0.67      0.75      0.71        16
          41       0.58      0.63      0.61        52
          42       1.00      0.91      0.95        44

    accuracy                           0.76      2077
   macro avg       0.72      0.74      0.73      2077
weighted avg       0.76      0.76      0.75      2077

Accuracy global: 0.7559
Test Loss: 0.7985
UAR (Unweighted Average Recall): 0.7418
