Using device: cuda
Class Weights: tensor([1.6983, 1.8784, 1.4416, 0.6701, 1.1374, 0.5166, 0.2863, 0.6701, 1.2037,
        0.7380, 1.9371, 1.6313, 0.9762, 1.1587, 1.6101, 1.0507, 0.5144, 0.6199,
        0.5635, 1.3476, 1.1921, 0.8984, 0.7380, 2.1750, 1.1271, 1.9371, 2.4795,
        1.8784, 2.1375, 0.9464, 1.1807, 0.9464, 1.2781, 1.2914, 0.7468, 1.2275,
        1.4416, 1.7462, 0.5276, 2.3842, 2.1013, 1.0781, 1.2275],
       device='cuda:0')
Test Loss: 0.5187
Test Accuracy: 0.7343
==== Métricas de Evaluación ====
              precision    recall  f1-score   support

           0       0.88      0.93      0.90        15
           1       0.21      0.38      0.27        13
           2       0.95      1.00      0.97        18
           3       0.80      0.85      0.82        39
           4       0.88      0.96      0.92        23
           5       0.83      0.59      0.69        51
           6       0.98      0.91      0.94        92
           7       0.83      0.62      0.71        39
           8       0.62      0.73      0.67        22
           9       0.71      0.69      0.70        35
          10       0.92      0.85      0.88        13
          11       0.65      0.94      0.77        16
          12       0.32      0.30      0.31        27
          13       0.44      0.55      0.49        22
          14       0.73      0.69      0.71        16
          15       0.56      0.36      0.44        25
          16       0.74      0.51      0.60        51
          17       0.92      0.79      0.85        42
          18       0.96      0.96      0.96        47
          19       0.71      0.89      0.79        19
          20       0.89      0.73      0.80        22
          21       0.54      0.66      0.59        29
          22       0.79      0.53      0.63        36
          23       0.16      0.42      0.23        12
          24       0.85      0.96      0.90        23
          25       0.46      0.85      0.59        13
          26       0.47      0.70      0.56        10
          27       0.53      0.69      0.60        13
          28       0.92      1.00      0.96        12
          29       0.88      0.81      0.85        27
          30       0.77      0.91      0.83        22
          31       0.80      1.00      0.89        28
          32       0.58      0.75      0.65        20
          33       0.80      0.80      0.80        20
          34       0.82      0.91      0.86        35
          35       0.63      0.81      0.71        21
          36       0.84      0.89      0.86        18
          37       0.76      0.87      0.81        15
          38       0.83      0.40      0.54        50
          39       0.50      0.50      0.50        10
          40       0.50      0.58      0.54        12
          41       0.84      0.67      0.74        24
          42       1.00      0.81      0.89        21

    accuracy                           0.73      1118
   macro avg       0.72      0.74      0.71      1118
weighted avg       0.77      0.73      0.74      1118

Accuracy global: 0.7343
Test Loss: 0.5187
UAR (Unweighted Average Recall): 0.7373
