Using device: cuda
Class Weights: tensor([1.6983, 1.8784, 1.4416, 0.6701, 1.1374, 0.5166, 0.2863, 0.6701, 1.2037,
        0.7380, 1.9371, 1.6313, 0.9762, 1.1587, 1.6101, 1.0507, 0.5144, 0.6199,
        0.5635, 1.3476, 1.1921, 0.8984, 0.7380, 2.1750, 1.1271, 1.9371, 2.4795,
        1.8784, 2.1375, 0.9464, 1.1807, 0.9464, 1.2781, 1.2914, 0.7468, 1.2275,
        1.4416, 1.7462, 0.5276, 2.3842, 2.1013, 1.0781, 1.2275],
       device='cuda:0')
Test Loss: 0.4648
Test Accuracy: 0.7335
==== Métricas de Evaluación ====
              precision    recall  f1-score   support

           0       0.76      0.87      0.81        15
           1       0.10      0.15      0.12        13
           2       1.00      1.00      1.00        18
           3       0.72      0.72      0.72        39
           4       0.78      0.91      0.84        23
           5       0.77      0.67      0.72        51
           6       0.97      0.90      0.93        92
           7       0.86      0.64      0.74        39
           8       0.71      0.77      0.74        22
           9       0.60      0.60      0.60        35
          10       0.73      0.85      0.79        13
          11       0.61      0.69      0.65        16
          12       0.42      0.48      0.45        27
          13       0.54      0.64      0.58        22
          14       0.57      0.75      0.65        16
          15       0.63      0.48      0.55        25
          16       0.81      0.49      0.61        51
          17       0.86      0.76      0.81        42
          18       0.96      0.96      0.96        47
          19       0.80      0.84      0.82        19
          20       0.74      0.64      0.68        22
          21       0.56      0.52      0.54        29
          22       0.88      0.64      0.74        36
          23       0.33      0.58      0.42        12
          24       0.95      0.87      0.91        23
          25       0.53      0.77      0.62        13
          26       0.40      0.80      0.53        10
          27       0.56      0.69      0.62        13
          28       0.85      0.92      0.88        12
          29       0.76      0.81      0.79        27
          30       0.83      0.86      0.84        22
          31       0.82      0.96      0.89        28
          32       0.71      0.75      0.73        20
          33       0.84      0.80      0.82        20
          34       0.81      0.83      0.82        35
          35       0.65      0.52      0.58        21
          36       0.89      0.94      0.92        18
          37       0.64      0.93      0.76        15
          38       0.82      0.66      0.73        50
          39       0.56      0.50      0.53        10
          40       0.39      0.58      0.47        12
          41       0.71      0.71      0.71        24
          42       0.86      0.86      0.86        21

    accuracy                           0.73      1118
   macro avg       0.70      0.73      0.71      1118
weighted avg       0.76      0.73      0.74      1118

Accuracy global: 0.7335
Test Loss: 0.4648
UAR (Unweighted Average Recall): 0.7284
