Using device: cuda
Class Weights: tensor([1.3697, 2.0920, 1.3946, 0.7124, 1.0182, 0.5091, 0.3060, 0.5302, 1.2928,
        0.5003, 1.5548, 2.1112, 0.8429, 1.0804, 2.1307, 0.8248, 0.6072, 0.6729,
        0.7854, 1.1985, 1.3779, 1.2372, 0.8919, 2.4480, 1.1225, 1.5239, 2.8409,
        1.8558, 1.8709, 0.8989, 1.5444, 0.8491, 1.3779, 0.7827, 0.9132, 1.1622,
        1.9501, 1.7302, 0.5466, 1.6675, 2.1506, 1.0049, 1.3616],
       device='cuda:0')
Test Loss: 0.5126
Test Accuracy: 0.7212
==== Métricas de Evaluación ====
              precision    recall  f1-score   support

           0       0.94      0.81      0.87        36
           1       0.04      0.05      0.04        22
           2       1.00      0.97      0.99        34
           3       0.67      0.76      0.71        63
           4       0.88      0.96      0.92        55
           5       0.83      0.64      0.72        92
           6       0.99      0.90      0.95       164
           7       0.78      0.57      0.66        90
           8       0.70      0.64      0.67        33
           9       0.70      0.66      0.68       105
          10       0.96      0.92      0.94        24
          11       0.46      0.72      0.57        18
          12       0.37      0.40      0.39        52
          13       0.42      0.38      0.40        42
          14       0.43      0.87      0.58        23
          15       0.59      0.44      0.50        59
          16       0.70      0.61      0.65        85
          17       0.81      0.75      0.78        68
          18       0.90      0.97      0.94        75
          19       0.93      0.86      0.89        49
          20       0.60      0.50      0.55        36
          21       0.46      0.48      0.47        44
          22       0.58      0.57      0.57        51
          23       0.17      0.25      0.20        24
          24       0.90      0.82      0.86        44
          25       0.48      0.55      0.51        38
          26       0.43      0.77      0.56        13
          27       0.71      0.96      0.82        26
          28       0.80      1.00      0.89        20
          29       0.82      0.75      0.79        56
          30       0.82      0.86      0.84        37
          31       0.84      0.79      0.81        47
          32       0.51      0.78      0.62        32
          33       0.87      0.94      0.90        63
          34       0.76      0.87      0.81        52
          35       0.80      0.72      0.76        39
          36       0.92      0.92      0.92        25
          37       0.69      0.93      0.79        27
          38       0.74      0.59      0.65        87
          39       0.58      0.73      0.65        15
          40       0.48      0.75      0.59        16
          41       0.67      0.69      0.68        52
          42       0.97      0.86      0.92        44

    accuracy                           0.72      2077
   macro avg       0.69      0.72      0.70      2077
weighted avg       0.74      0.72      0.72      2077

Accuracy global: 0.7212
Test Loss: 0.5126
UAR (Unweighted Average Recall): 0.7198
