Using device: cuda
Class Weights: tensor([1.6983, 1.8784, 1.4416, 0.6701, 1.1374, 0.5166, 0.2863, 0.6701, 1.2037,
        0.7380, 1.9371, 1.6313, 0.9762, 1.1587, 1.6101, 1.0507, 0.5144, 0.6199,
        0.5635, 1.3476, 1.1921, 0.8984, 0.7380, 2.1750, 1.1271, 1.9371, 2.4795,
        1.8784, 2.1375, 0.9464, 1.1807, 0.9464, 1.2781, 1.2914, 0.7468, 1.2275,
        1.4416, 1.7462, 0.5276, 2.3842, 2.1013, 1.0781, 1.2275],
       device='cuda:0')
Test Loss: 0.7824
Test Accuracy: 0.7683
==== Métricas de Evaluación ====
              precision    recall  f1-score   support

           0       0.88      1.00      0.94        15
           1       0.00      0.00      0.00        13
           2       0.95      1.00      0.97        18
           3       0.77      0.77      0.77        39
           4       0.75      0.91      0.82        23
           5       0.76      0.67      0.71        51
           6       0.97      0.96      0.96        92
           7       0.78      0.72      0.75        39
           8       0.72      0.82      0.77        22
           9       0.65      0.63      0.64        35
          10       0.80      0.92      0.86        13
          11       0.85      0.69      0.76        16
          12       0.37      0.41      0.39        27
          13       0.44      0.36      0.40        22
          14       0.65      0.69      0.67        16
          15       0.61      0.56      0.58        25
          16       0.76      0.57      0.65        51
          17       0.81      0.81      0.81        42
          18       0.96      1.00      0.98        47
          19       0.89      0.84      0.86        19
          20       0.86      0.86      0.86        22
          21       0.60      0.41      0.49        29
          22       0.77      0.64      0.70        36
          23       0.45      0.42      0.43        12
          24       0.88      0.96      0.92        23
          25       0.53      0.77      0.62        13
          26       0.53      0.90      0.67        10
          27       0.67      0.77      0.71        13
          28       1.00      0.83      0.91        12
          29       0.95      0.78      0.86        27
          30       0.90      0.86      0.88        22
          31       0.74      0.89      0.81        28
          32       0.73      0.80      0.76        20
          33       0.94      0.80      0.86        20
          34       0.86      0.91      0.89        35
          35       0.90      0.86      0.88        21
          36       0.94      0.94      0.94        18
          37       0.76      0.87      0.81        15
          38       0.72      0.84      0.78        50
          39       0.40      0.40      0.40        10
          40       0.53      0.75      0.62        12
          41       0.76      0.92      0.83        24
          42       0.86      0.86      0.86        21

    accuracy                           0.77      1118
   macro avg       0.74      0.75      0.74      1118
weighted avg       0.77      0.77      0.76      1118

Accuracy global: 0.7683
Test Loss: 0.7824
UAR (Unweighted Average Recall): 0.7526
