Using device: cuda
Class Weights: tensor([1.3697, 2.0920, 1.3946, 0.7124, 1.0182, 0.5091, 0.3060, 0.5302, 1.2928,
        0.5003, 1.5548, 2.1112, 0.8429, 1.0804, 2.1307, 0.8248, 0.6072, 0.6729,
        0.7854, 1.1985, 1.3779, 1.2372, 0.8919, 2.4480, 1.1225, 1.5239, 2.8409,
        1.8558, 1.8709, 0.8989, 1.5444, 0.8491, 1.3779, 0.7827, 0.9132, 1.1622,
        1.9501, 1.7302, 0.5466, 1.6675, 2.1506, 1.0049, 1.3616],
       device='cuda:0')
Test Loss: 0.4832
Test Accuracy: 0.7232
==== Métricas de Evaluación ====
              precision    recall  f1-score   support

           0       0.86      0.86      0.86        36
           1       0.12      0.14      0.12        22
           2       1.00      0.94      0.97        34
           3       0.59      0.65      0.62        63
           4       0.92      0.98      0.95        55
           5       0.75      0.74      0.74        92
           6       0.99      0.90      0.94       164
           7       0.75      0.47      0.58        90
           8       0.74      0.85      0.79        33
           9       0.79      0.54      0.64       105
          10       0.73      0.92      0.81        24
          11       0.67      0.67      0.67        18
          12       0.35      0.29      0.32        52
          13       0.43      0.50      0.46        42
          14       0.54      0.87      0.67        23
          15       0.48      0.53      0.50        59
          16       0.78      0.55      0.65        85
          17       0.77      0.79      0.78        68
          18       0.94      0.99      0.96        75
          19       0.79      0.86      0.82        49
          20       0.90      0.78      0.84        36
          21       0.46      0.64      0.53        44
          22       0.62      0.45      0.52        51
          23       0.43      0.54      0.48        24
          24       0.79      0.84      0.81        44
          25       0.50      0.76      0.60        38
          26       0.36      0.77      0.49        13
          27       0.67      0.69      0.68        26
          28       0.86      0.95      0.90        20
          29       0.80      0.70      0.74        56
          30       0.87      0.89      0.88        37
          31       0.87      0.98      0.92        47
          32       0.71      0.75      0.73        32
          33       0.96      0.79      0.87        63
          34       0.75      0.81      0.78        52
          35       0.60      0.72      0.65        39
          36       0.89      0.96      0.92        25
          37       0.69      0.93      0.79        27
          38       0.77      0.63      0.70        87
          39       0.37      0.47      0.41        15
          40       0.39      0.81      0.53        16
          41       0.63      0.63      0.63        52
          42       0.95      0.84      0.89        44

    accuracy                           0.72      2077
   macro avg       0.69      0.73      0.70      2077
weighted avg       0.74      0.72      0.72      2077

Accuracy global: 0.7232
Test Loss: 0.4832
UAR (Unweighted Average Recall): 0.7292
