Using device: cuda
Class Weights: tensor([1.6983, 1.8784, 1.4416, 0.6701, 1.1374, 0.5166, 0.2863, 0.6701, 1.2037,
        0.7380, 1.9371, 1.6313, 0.9762, 1.1587, 1.6101, 1.0507, 0.5144, 0.6199,
        0.5635, 1.3476, 1.1921, 0.8984, 0.7380, 2.1750, 1.1271, 1.9371, 2.4795,
        1.8784, 2.1375, 0.9464, 1.1807, 0.9464, 1.2781, 1.2914, 0.7468, 1.2275,
        1.4416, 1.7462, 0.5276, 2.3842, 2.1013, 1.0781, 1.2275],
       device='cuda:0')
Test Loss: 0.5340
Test Accuracy: 0.7567
==== Métricas de Evaluación ====
              precision    recall  f1-score   support

           0       0.81      0.87      0.84        15
           1       0.17      0.23      0.19        13
           2       0.95      1.00      0.97        18
           3       0.83      0.90      0.86        39
           4       0.88      0.96      0.92        23
           5       0.83      0.67      0.74        51
           6       0.94      0.92      0.93        92
           7       0.69      0.74      0.72        39
           8       0.86      0.82      0.84        22
           9       0.74      0.66      0.70        35
          10       0.75      0.92      0.83        13
          11       0.65      0.69      0.67        16
          12       0.38      0.33      0.35        27
          13       0.64      0.64      0.64        22
          14       0.68      0.81      0.74        16
          15       0.52      0.44      0.48        25
          16       0.78      0.49      0.60        51
          17       0.85      0.69      0.76        42
          18       0.96      0.98      0.97        47
          19       0.72      0.95      0.82        19
          20       0.71      0.55      0.62        22
          21       0.67      0.41      0.51        29
          22       0.76      0.61      0.68        36
          23       0.36      0.67      0.47        12
          24       0.77      1.00      0.87        23
          25       0.53      0.69      0.60        13
          26       0.41      0.90      0.56        10
          27       0.71      0.77      0.74        13
          28       0.92      0.92      0.92        12
          29       0.79      0.70      0.75        27
          30       0.78      0.95      0.86        22
          31       0.93      0.93      0.93        28
          32       0.71      0.85      0.77        20
          33       0.82      0.90      0.86        20
          34       0.86      0.89      0.87        35
          35       0.81      0.62      0.70        21
          36       0.77      0.94      0.85        18
          37       0.67      0.80      0.73        15
          38       0.88      0.70      0.78        50
          39       0.38      0.50      0.43        10
          40       0.53      0.75      0.62        12
          41       0.71      0.83      0.77        24
          42       1.00      0.90      0.95        21

    accuracy                           0.76      1118
   macro avg       0.72      0.76      0.73      1118
weighted avg       0.77      0.76      0.76      1118

Accuracy global: 0.7567
Test Loss: 0.5340
UAR (Unweighted Average Recall): 0.7556
