Using device: cuda
Class Weights: tensor([1.6983, 1.8784, 1.4416, 0.6701, 1.1374, 0.5166, 0.2863, 0.6701, 1.2037,
        0.7380, 1.9371, 1.6313, 0.9762, 1.1587, 1.6101, 1.0507, 0.5144, 0.6199,
        0.5635, 1.3476, 1.1921, 0.8984, 0.7380, 2.1750, 1.1271, 1.9371, 2.4795,
        1.8784, 2.1375, 0.9464, 1.1807, 0.9464, 1.2781, 1.2914, 0.7468, 1.2275,
        1.4416, 1.7462, 0.5276, 2.3842, 2.1013, 1.0781, 1.2275],
       device='cuda:0')
Test Loss: 0.3618
Test Accuracy: 0.7979
==== Métricas de Evaluación ====
              precision    recall  f1-score   support

           0       0.68      1.00      0.81        15
           1       0.33      0.31      0.32        13
           2       1.00      1.00      1.00        18
           3       0.72      0.79      0.76        39
           4       0.77      1.00      0.87        23
           5       0.82      0.73      0.77        51
           6       1.00      0.92      0.96        92
           7       0.84      0.67      0.74        39
           8       0.60      0.82      0.69        22
           9       0.68      0.71      0.69        35
          10       0.92      0.92      0.92        13
          11       0.87      0.81      0.84        16
          12       0.57      0.48      0.52        27
          13       0.63      0.77      0.69        22
          14       0.72      0.81      0.76        16
          15       0.61      0.68      0.64        25
          16       0.87      0.67      0.76        51
          17       0.89      0.76      0.82        42
          18       0.94      0.98      0.96        47
          19       0.85      0.89      0.87        19
          20       0.65      0.50      0.56        22
          21       0.62      0.55      0.58        29
          22       0.92      0.61      0.73        36
          23       0.38      0.67      0.48        12
          24       0.78      0.91      0.84        23
          25       0.60      0.92      0.73        13
          26       0.64      0.70      0.67        10
          27       0.86      0.92      0.89        13
          28       0.92      0.92      0.92        12
          29       0.80      0.74      0.77        27
          30       0.77      0.91      0.83        22
          31       0.93      0.96      0.95        28
          32       0.89      0.85      0.87        20
          33       0.95      1.00      0.98        20
          34       0.86      0.89      0.87        35
          35       0.66      0.90      0.76        21
          36       0.89      0.94      0.92        18
          37       0.87      0.87      0.87        15
          38       0.95      0.78      0.86        50
          39       0.69      0.90      0.78        10
          40       0.53      0.67      0.59        12
          41       0.94      0.71      0.81        24
          42       1.00      0.90      0.95        21

    accuracy                           0.80      1118
   macro avg       0.78      0.80      0.78      1118
weighted avg       0.81      0.80      0.80      1118

Accuracy global: 0.7979
Test Loss: 0.3618
UAR (Unweighted Average Recall): 0.8015
