Using device: cuda
Class Weights: tensor([1.3697, 2.0920, 1.3946, 0.7124, 1.0182, 0.5091, 0.3060, 0.5302, 1.2928,
        0.5003, 1.5548, 2.1112, 0.8429, 1.0804, 2.1307, 0.8248, 0.6072, 0.6729,
        0.7854, 1.1985, 1.3779, 1.2372, 0.8919, 2.4480, 1.1225, 1.5239, 2.8409,
        1.8558, 1.8709, 0.8989, 1.5444, 0.8491, 1.3779, 0.7827, 0.9132, 1.1622,
        1.9501, 1.7302, 0.5466, 1.6675, 2.1506, 1.0049, 1.3616],
       device='cuda:0')
Test Loss: 0.5625
Test Accuracy: 0.7333
==== Métricas de Evaluación ====
              precision    recall  f1-score   support

           0       0.76      0.86      0.81        36
           1       0.23      0.32      0.26        22
           2       0.92      0.97      0.94        34
           3       0.76      0.76      0.76        63
           4       0.92      1.00      0.96        55
           5       0.76      0.71      0.73        92
           6       0.97      0.92      0.94       164
           7       0.73      0.64      0.69        90
           8       0.71      0.76      0.74        33
           9       0.75      0.66      0.70       105
          10       0.81      0.92      0.86        24
          11       0.45      0.72      0.55        18
          12       0.34      0.44      0.38        52
          13       0.48      0.48      0.48        42
          14       0.52      0.61      0.56        23
          15       0.60      0.44      0.51        59
          16       0.75      0.49      0.60        85
          17       0.89      0.71      0.79        68
          18       0.96      0.99      0.97        75
          19       0.82      0.96      0.89        49
          20       0.58      0.50      0.54        36
          21       0.51      0.43      0.47        44
          22       0.74      0.63      0.68        51
          23       0.42      0.58      0.49        24
          24       0.83      0.89      0.86        44
          25       0.64      0.71      0.68        38
          26       0.38      0.77      0.51        13
          27       0.79      0.73      0.76        26
          28       0.90      0.95      0.93        20
          29       0.87      0.71      0.78        56
          30       0.82      0.89      0.86        37
          31       0.71      0.85      0.78        47
          32       0.60      0.84      0.70        32
          33       0.94      0.81      0.87        63
          34       0.66      0.85      0.74        52
          35       0.67      0.67      0.67        39
          36       1.00      0.92      0.96        25
          37       0.64      0.93      0.76        27
          38       0.88      0.69      0.77        87
          39       0.50      0.60      0.55        15
          40       0.36      0.56      0.44        16
          41       0.58      0.60      0.59        52
          42       0.90      0.84      0.87        44

    accuracy                           0.73      2077
   macro avg       0.70      0.73      0.71      2077
weighted avg       0.75      0.73      0.74      2077

Accuracy global: 0.7333
Test Loss: 0.5625
UAR (Unweighted Average Recall): 0.7279
